
done printing array
0 | 8
1 | 8
2 | 8
3 | 8
4 | 8
5 | 8
6 | 8
7 | 8
8 | 8
9 | 8
10 | 8
11 | 8
12 | 8
13 | 8
14 | 8
15 | 8
16 | 8
17 | 8
18 | 8
19 | 8
20 | 8
21 | 8
22 | 8
23 | 8
24 | 8
25 | 8
26 | 8
27 | 8
28 | 8
29 | 8
30 | 8
31 | 8
32 | 8
33 | 8
34 | 8
35 | 8
36 | 8
37 | 8
38 | 8
39 | 8
40 | 8
41 | 8
42 | 8
43 | 8
44 | 8
45 | 8
46 | 8
47 | 8
48 | 8
49 | 8
50 | 8
51 | 8
52 | 8
53 | 8
54 | 8
55 | 8
56 | 8
57 | 8
58 | 8
59 | 8
60 | 8
61 | 8
62 | 8
63 | 8
64 | 8
65 | 8
66 | 8
67 | 8
68 | 8
69 | 8
70 | 8
71 | 8
72 | 8
73 | 8
74 | 8
75 | 8
76 | 8
77 | 8
78 | 8
79 | 8
80 | 8
81 | 8
82 | 8
83 | 8
84 | 8
85 | 8
86 | 8
87 | 8
88 | 8
89 | 8
90 | 8
91 | 8
92 | 8
93 | 8
94 | 8
95 | 8
96 | 8
97 | 8
98 | 8
99 | 8
100 | 8
101 | 8
102 | 8
103 | 8
104 | 8
105 | 8
106 | 8
107 | 8
108 | 8
109 | 8
110 | 8
111 | 8
112 | 8
113 | 8
114 | 8
115 | 8
116 | 8
117 | 8
118 | 8
119 | 8
120 | 8
121 | 8
122 | 8
123 | 8
124 | 8
125 | 8
126 | 8
127 | 8
128 | 8
129 | 8
130 | 8
131 | 8
132 | 8
133 | 8
134 | 8
135 | 8
136 | 8
137 | 8
138 | 8
139 | 8
140 | 8
141 | 8
142 | 8
143 | 8
144 | 8
145 | 8
146 | 8
147 | 8
148 | 8
149 | 8
150 | 8
151 | 8
152 | 8
153 | 8
154 | 8
155 | 8
156 | 8
157 | 8
158 | 8
159 | 8
160 | 8
161 | 8
162 | 8
163 | 8
164 | 8
165 | 8
166 | 8
167 | 8
168 | 8
169 | 8
170 | 8
171 | 8
172 | 8
173 | 8
174 | 8
175 | 8
176 | 8
177 | 8
178 | 8
179 | 8
180 | 8
181 | 8
182 | 8
183 | 8
184 | 8
185 | 8
186 | 8
187 | 8
188 | 8
189 | 8
190 | 8
191 | 8
192 | 8
193 | 8
194 | 8
195 | 8
196 | 8
197 | 8
198 | 8
199 | 8
200 | 8
201 | 8
202 | 8
203 | 8
204 | 8
205 | 8
206 | 8
207 | 8
208 | 8
209 | 8
210 | 8
211 | 8
212 | 8
213 | 8
214 | 8
215 | 8
216 | 8
217 | 8
218 | 8
219 | 8
220 | 8
221 | 8
222 | 8
223 | 8
224 | 8
225 | 8
226 | 8
227 | 8
228 | 8
229 | 8
230 | 8
231 | 8
232 | 8
233 | 8
234 | 8
235 | 8
236 | 8
237 | 8
238 | 8
239 | 8
240 | 8
241 | 8
242 | 8
243 | 8
244 | 8
245 | 8
246 | 8
247 | 8
248 | 8
249 | 8
250 | 8
251 | 8
252 | 8
253 | 8
254 | 8
255 | 8
256 | 8
257 | 8
258 | 8
259 | 8
260 | 8
261 | 8
262 | 8
263 | 8
264 | 8
265 | 8
266 | 8
267 | 8
268 | 8
269 | 8
270 | 8
271 | 8
272 | 8
273 | 8
274 | 8
275 | 8
276 | 8
277 | 8
278 | 8
279 | 8
280 | 8
281 | 8
282 | 8
283 | 8
284 | 8
285 | 8
286 | 8
287 | 8
288 | 8
289 | 8
290 | 8
291 | 8
292 | 8
293 | 8
294 | 8
295 | 8
296 | 8
297 | 8
298 | 8
299 | 8
300 | 8
301 | 8
302 | 8
303 | 8
304 | 8
305 | 8
306 | 8
307 | 8
308 | 8
309 | 8
310 | 8
311 | 8
312 | 8
313 | 8
314 | 8
315 | 8
316 | 8
317 | 8
318 | 8
319 | 8
320 | 8
321 | 8
322 | 8
323 | 8
324 | 8
325 | 8
326 | 8
327 | 8
328 | 8
329 | 8
330 | 8
331 | 8
332 | 8
333 | 8
334 | 8
335 | 8
336 | 8
337 | 8
338 | 8
339 | 8
340 | 8
341 | 8
342 | 8
343 | 8
344 | 8
345 | 8
346 | 8
347 | 8
348 | 8
349 | 8
350 | 8
351 | 8
352 | 8
353 | 8
354 | 8
355 | 8
356 | 8
357 | 8
358 | 8
359 | 8
360 | 8
361 | 8
362 | 8
363 | 8
364 | 8
365 | 8
366 | 8
367 | 8
368 | 8
369 | 8
370 | 8
371 | 8
372 | 8
373 | 8
374 | 8
375 | 8
376 | 8
377 | 8
378 | 8
379 | 8
380 | 8
381 | 8
382 | 8
383 | 8
384 | 8
385 | 8
386 | 8
387 | 8
388 | 8
389 | 8
390 | 8
391 | 8
392 | 8
393 | 8
394 | 8
395 | 8
396 | 8
397 | 8
398 | 8
399 | 8
400 | 8
401 | 8
402 | 8
403 | 8
404 | 8
405 | 8
406 | 8
407 | 8
408 | 8
409 | 8
410 | 8
411 | 8
412 | 8
413 | 8
414 | 8
415 | 8
416 | 8
417 | 8
418 | 8
419 | 8
420 | 8
421 | 8
422 | 8
423 | 8
424 | 8
425 | 8
426 | 8
427 | 8
428 | 8
429 | 8
430 | 8
431 | 8
432 | 8
433 | 8
434 | 8
435 | 8
436 | 8
437 | 8
438 | 8
439 | 8
440 | 8
441 | 8
442 | 8
443 | 8
444 | 8
445 | 8
446 | 8
447 | 8
448 | 8
449 | 8
450 | 8
451 | 8
452 | 8
453 | 8
454 | 8
455 | 8
456 | 8
457 | 8
458 | 8
459 | 8
460 | 8
461 | 8
462 | 8
463 | 8
464 | 8
465 | 8
466 | 8
467 | 8
468 | 8
469 | 8
470 | 8
471 | 8
472 | 8
473 | 8
474 | 8
475 | 8
476 | 8
477 | 8
478 | 8
479 | 8
480 | 8
481 | 8
482 | 8
483 | 8
484 | 8
485 | 8
486 | 8
487 | 8
488 | 8
489 | 8
490 | 8
491 | 8
492 | 8
493 | 8
494 | 8
495 | 8
496 | 8
497 | 8
498 | 8
499 | 8
500 | 8
501 | 8
502 | 8
503 | 8
504 | 8
505 | 8
506 | 8
507 | 8
508 | 8
509 | 8
510 | 8
511 | 8
512 | 8
513 | 8
514 | 8
515 | 8
516 | 8
517 | 8
518 | 8
519 | 8
520 | 8
521 | 8
522 | 8
523 | 8
524 | 8
525 | 8
526 | 8
527 | 8
528 | 8
529 | 8
530 | 8
531 | 8
532 | 8
533 | 8
534 | 8
535 | 8
536 | 8
537 | 8
538 | 8
539 | 8
540 | 8
541 | 8
542 | 8
543 | 8
544 | 8
545 | 8
546 | 8
547 | 8
548 | 8
549 | 8
550 | 8
551 | 8
552 | 8
553 | 8
554 | 8
555 | 8
556 | 8
557 | 8
558 | 8
559 | 8
560 | 8
561 | 8
562 | 8
563 | 8
564 | 8
565 | 8
566 | 8
567 | 8
568 | 8
569 | 8
570 | 8
571 | 8
572 | 8
573 | 8
574 | 8
575 | 8
576 | 8
577 | 8
578 | 8
579 | 8
580 | 8
581 | 8
582 | 8
583 | 8
584 | 8
585 | 8
586 | 8
587 | 8
588 | 8
589 | 8
590 | 8
591 | 8
592 | 8
593 | 8
594 | 8
595 | 8
596 | 8
597 | 8
598 | 8
599 | 8
600 | 8
601 | 8
602 | 8
603 | 8
604 | 8
605 | 8
606 | 8
607 | 8
608 | 8
609 | 8
610 | 8
611 | 8
612 | 8
613 | 8
614 | 8
615 | 8
616 | 8
617 | 8
618 | 8
619 | 8
620 | 8
621 | 8
622 | 8
623 | 8
624 | 8
625 | 8
626 | 8
627 | 8
628 | 8
629 | 8
630 | 8
631 | 8
632 | 8
633 | 8
634 | 8
635 | 8
636 | 8
637 | 8
638 | 8
639 | 2082485042
640 | 889862176
641 | 2082485298
642 | 889862176
643 | 2082485554
644 | 889862176
645 | 2082485810
646 | 889862176
647 | 2082486066
648 | 889862176
649 | 2082486322
650 | 889862176
651 | 2082486578
652 | 889862176
653 | 2082484275
654 | 889862176
655 | 2082484531
656 | 889862176
657 | 2082484787
658 | 889862176
659 | 2082485043
660 | 889862176
661 | 2082485299
662 | 889862176
663 | 2082485555
664 | 889862176
665 | 2082485811
666 | 889862176
667 | 2082486067
668 | 889862176
669 | 2082486323
670 | 889862176
671 | 2082486579
672 | 889862176
673 | 2082484276
674 | 889862176
675 | 2082484532
676 | 889862176
677 | 2082484788
678 | 889862176
679 | 2082485044
680 | 889862176
681 | 2082485300
682 | 889862176
683 | 2082485556
684 | 889862176
685 | 2082485812
686 | 889862176
687 | 2082486068
688 | 889862176
689 | 2082486324
690 | 889862176
691 | 2082486580
692 | 889862176
693 | 2082484277
694 | 889862176
695 | 2082484533
696 | 889862176
697 | 2082484789
698 | 889862176
699 | 2082485045
700 | 889862176
701 | 2082485301
702 | 889862176
703 | 2082485557
704 | 889862176
705 | 2082485813
706 | 889862176
707 | 2082486069
708 | 889862176
709 | 2082486325
710 | 889862176
711 | 2082486581
712 | 889862176
713 | 2082484278
714 | 889862176
715 | 2082484534
716 | 889862176
717 | 2082484790
718 | 889862176
719 | 2082485046
720 | 889862176
721 | 2082485302
722 | 889862176
723 | 2082485558
724 | 889862176
725 | 2082485814
726 | 889862176
727 | 2082486070
728 | 889862176
729 | 2082486326
730 | 889862176
731 | 2082486582
732 | 889862176
733 | 2082484279
734 | 889862176
735 | 2082484535
736 | 889862176
737 | 2082484791
738 | 889862176
739 | 2082485047
740 | 889862176
741 | 2082485303
742 | 889862176
743 | 2082485559
744 | 889862176
745 | 2082485815
746 | 889862176
747 | 2082486071
748 | 889862176
749 | 2082486327
750 | 889862176
751 | 2082486583
752 | 889862176
753 | 2082484280
754 | 889862176
755 | 2082484536
756 | 889862176
757 | 2082484792
758 | 889862176
759 | 2082485048
760 | 889862176
761 | 2082485304
762 | 889862176
763 | 2082485560
764 | 889862176
765 | 2082485816
766 | 889862176
767 | 2082486072
768 | 889862176
769 | 2082486328
770 | 889862176
771 | 2082486584
772 | 889862176
773 | 2082484281
774 | 889862176
775 | 2082484537
776 | 889862176
777 | 2082484793
778 | 889862176
779 | 2082485049
780 | 889862176
781 | 2082485305
782 | 889862176
783 | 2082485561
784 | 889862176
785 | 2082485817
786 | 889862176
787 | 2082486073
788 | 889862176
789 | 2082486329
790 | 889862176
791 | 2082486585
792 | 906639392
793 | 2082484272
794 | 906639392
795 | 2082484528
796 | 906639392
797 | 2082484784
798 | 906639392
799 | 2082485040
800 | 906639392
801 | 2082485296
802 | 906639392
803 | 2082485552
804 | 906639392
805 | 2082485808
806 | 906639392
807 | 2082486064
808 | 906639392
809 | 2082486320
810 | 906639392
811 | 2082486576
812 | 906639392
813 | 2082484273
814 | 906639392
815 | 2082484529
816 | 906639392
817 | 2082484785
818 | 906639392
819 | 2082485041
820 | 906639392
821 | 2082485297
822 | 906639392
823 | 2082485553
824 | 906639392
825 | 2082485809
826 | 906639392
827 | 2082486065
828 | 906639392
829 | 2082486321
830 | 906639392
831 | 2082486577
832 | 906639392
833 | 2082484274
834 | 906639392
835 | 2082484530
836 | 906639392
837 | 2082484786
838 | 906639392
839 | 2082485042
840 | 906639392
841 | 2082485298
842 | 906639392
843 | 2082485554
844 | 906639392
845 | 2082485810
846 | 906639392
847 | 2082486066
848 | 906639392
849 | 2082486322
850 | 906639392
851 | 2082486578
852 | 906639392
853 | 2082484275
854 | 906639392
855 | 2082484531
856 | 906639392
857 | 2082484787
858 | 906639392
859 | 2082485043
860 | 906639392
861 | 2082485299
862 | 906639392
863 | 2082485555
864 | 906639392
865 | 2082485811
866 | 906639392
867 | 2082486067
868 | 906639392
869 | 2082486323
870 | 906639392
871 | 2082486579
872 | 942682656
873 | 892875826
874 | 171062320
875 | 540030006
876 | 943202428
877 | 842414137
878 | 171325233
879 | 540095542
880 | 808591484
881 | 942944824
882 | 943272501
883 | 842282506
884 | 941653024
885 | 909654328
886 | 909586738
887 | 859059722
888 | 840989728
889 | 875706416
890 | 892679480
891 | 875956788
892 | 545005620
893 | 943267964
894 | 926298675
895 | 171193913
896 | 540293432
897 | 842604668
898 | 943272502
899 | 171259702
900 | 540358968
901 | 925966460
902 | 859386161
903 | 171127097
904 | 540424504
905 | 875896956
906 | 859386416
907 | 171062068
908 | 540490040
909 | 876093564
910 | 875574834
911 | 171456054
912 | 540555576
913 | 876159100
914 | 842478131
915 | 171061301
916 | 540621112
917 | 925966460
918 | 959787569
919 | 171061303
920 | 540028985
921 | 875896956
922 | 943010608
923 | 171456057
924 | 540094521
925 | 842604668
926 | 909523253
927 | 170931764
928 | 540160057
929 | 892870780
930 | 909652793
931 | 170997297
932 | 540225593
933 | 925966460
934 | 926036273
935 | 171391280
936 | 540291129
937 | 875896956
938 | 875705392
939 | 171192373
940 | 540356665
941 | 926425212
942 | 909719605
943 | 171324729
944 | 540422201
945 | 892870780
946 | 909652793
947 | 171323700
948 | 540487737
949 | 925966460
950 | 842412081
951 | 171456048
952 | 540553273
953 | 875896956
954 | 809055280
955 | 170931248
956 | 540618809
957 | 926425212
958 | 859385910
959 | 171193909
960 | 540029241
961 | 926425212
962 | 876033333
963 | 171193144
964 | 540094777
965 | 925966460
966 | 909456433
967 | 171193648
968 | 540160313
969 | 875896956
970 | 892679472
971 | 171325237
972 | 540225849
973 | 926425212
974 | 959787318
975 | 170930225
976 | 540291385
977 | 876093564
978 | 943141938
979 | 170996529
980 | 540356921
981 | 925966460
982 | 825634865
983 | 170995763
984 | 540422457
985 | 875896956
986 | 825374256
987 | 171061553
988 | 540487993
989 | 842604668
990 | 909523253
991 | 170931764
992 | 540553529
993 | 892936316
994 | 926431033
995 | 171521589
996 | 540619065
997 | 925966460
998 | 825634865
999 | 171126835
1000 | 540029497
1001 | 875896956
1002 | 942813232
1003 | 171259961
1004 | 540095033
1005 | 926425212
1006 | 909719605
1007 | 171324729
1008 | 540160569
1009 | 876159100
1010 | 808529971
1011 | 171454518
1012 | 540226105
1013 | 925966460
1014 | 909456433
1015 | 171390256
1016 | 540291641
1017 | 875896956
1018 | 876163120
1019 | 170996277
1020 | 540357177
1021 | 876093564
1022 | 875574834
1023 | 171456054
1024 | 540422713
1025 | 809050236
1026 | 858928441
1027 | 171128114
1028 | 540488249
1029 | 925966460
1030 | 825440560
1031 | 171193911
1032 | 540553785
1033 | 875896956
1034 | 808857904
1035 | 171390256
1036 | 540619321
1037 | 959979644
1038 | 808925234
1039 | 170932279
1040 | 540029753
1041 | 809050236
1042 | 842348089
1043 | 171129143
1044 | 540095289
1045 | 925966460
1046 | 926497072
1047 | 171391282
1048 | 540160825
1049 | 875896956
1050 | 892482096
1051 | 171129141
1052 | 540226361
1053 | 842604668
1054 | 909523253
1055 | 170931764
1056 | 540291897
1057 | 842604668
1058 | 909324342
1059 | 171128626
1060 | 540357433
1061 | 925966460
1062 | 825832241
1063 | 170932274
1064 | 540422969
1065 | 875896956
1066 | 825831984
1067 | 171520561
1068 | 540488505
1069 | 926425212
1070 | 909719605
1071 | 171324729
1072 | 540554041
1073 | 926425212
1074 | 892352309
1075 | 171063603
1076 | 540619577
1077 | 925966460
1078 | 842608945
1079 | 171128627
1080 | 540030009
1081 | 875896956
1082 | 909456176
1083 | 171259446
1084 | 540095545
1085 | 842604668
1086 | 892482614
1087 | 171061554
1088 | 540161081
1089 | 809050236
1090 | 959526713
1091 | 171257910
1092 | 540226617
1093 | 925966460
1094 | 875705137
1095 | 171520567
1096 | 540292153
1097 | 875896956
1098 | 842150960
1099 | 170995762
1100 | 540357689
1101 | 959979644
1102 | 808925234
1103 | 170932279
1104 | 540423225
1105 | 809050236
1106 | 842348089
1107 | 171129143
1108 | 540488761
1109 | 925966460
1110 | 858927921
1111 | 170930231
1112 | 540554297
1113 | 875896956
1114 | 926430256
1115 | 171389751
1116 | 540619833
1117 | 842604668
1118 | 909523253
1119 | 170931764
1120 | 540030265
1121 | 876093564
1122 | 842085426
1123 | 170997808
1124 | 540095801
1125 | 925966460
1126 | 909456433
1127 | 171455536
1128 | 540161337
1129 | 875896956
1130 | 859125040
1131 | 171128626
1132 | 540226873
1133 | 926425212
1134 | 909719605
1135 | 171324729
1136 | 540292409
1137 | 808984700
1138 | 892678201
1139 | 170932274
1140 | 540357945
1141 | 925966460
1142 | 825440560
1143 | 171455538
1144 | 540423481
1145 | 875896956
1146 | 942749232
1147 | 171520056
1148 | 540489017
1149 | 842604668
1150 | 892482614
1151 | 171061554
1152 | 540554553
1153 | 892870780
1154 | 892875577
1155 | 170930489
1156 | 540620089
1157 | 925966460
1158 | 859386161
1159 | 171520057
1160 | 540030521
1161 | 875896956
1162 | 959590448
1163 | 170996786
1164 | 540096057
1165 | 842604668
1166 | 892482614
1167 | 171061554
1168 | 540161593
1169 | 926425212
1170 | 858992694
1171 | 171127603
1172 | 540227129
1173 | 925966460
1174 | 859386161
1175 | 171193393
1176 | 540292665
1177 | 875896956
1178 | 876163120
1179 | 171390775
1180 | 540358201
1181 | 842604668
1182 | 909523253
1183 | 170931764
1184 | 540423737
1185 | 809050236
1186 | 909456441
1187 | 171127604
1188 | 540489273
1189 | 925966460
1190 | 859386161
1191 | 171455542
1192 | 540554809
1193 | 875896956
1194 | 808857904
1195 | 171127091
1196 | 540620345
1197 | 926425212
1198 | 909719605
1199 | 171324729
1200 | 540030777
1201 | 959979644
1202 | 959919666
1203 | 171063092
1204 | 540096313
1205 | 925966460
1206 | 892482353
1207 | 171389746
1208 | 540161849
1209 | 875896956
1210 | 892482096
1211 | 171521080
1212 | 540227385
1213 | 842604668
1214 | 892482614
1215 | 171061554
1216 | 540292921
1217 | 825375026
1218 | 825372938
1219 | 545005623
1220 | 859124280
1221 | 842020151
1222 | 842074678
1223 | 2082486321
1224 | 892483616
1225 | 959592243
1226 | 822753331
1227 | 540619058
1228 | 875896956
1229 | 892350517
1230 | 171127350
1231 | 808596017
1232 | 941653024
1233 | 842086709
1234 | 808989236
1235 | 842150154
1236 | 545005617
1237 | 808596536
1238 | 892416050
1239 | 842074673
1240 | 2082484786
1241 | 842283040
1242 | 909391664
1243 | 822753335
1244 | 540226098
1245 | 808591484
1246 | 942944824
1247 | 825373494
1248 | 842150154
1249 | 545005620
1250 | 875706680
1251 | 825635640
1252 | 842074678
1253 | 2082485554
1254 | 959789344
1255 | 842152245
1256 | 822752052
1257 | 540422706
1258 | 842539132
1259 | 859125554
1260 | 170996531
1261 | 926036529
1262 | 891321376
1263 | 825634868
1264 | 943009849
1265 | 842150154
1266 | 545005624
1267 | 943011640
1268 | 892941881
1269 | 842074678
1270 | 2082486578
1271 | 842610720
1272 | 892351795
1273 | 822753073
1274 | 540029746
1275 | 925966460
1276 | 926036273
1277 | 170931507
1278 | 825438769
1279 | 941653024
1280 | 959789104
1281 | 925970486
1282 | 858927370
1283 | 545005618
1284 | 909194297
1285 | 842019637
1286 | 842074676
1287 | 2082485043
1288 | 842283040
1289 | 926300208
1290 | 822753584
1291 | 540291890
1292 | 808984700
1293 | 959985976
1294 | 171324210
1295 | 892547633
1296 | 941653024
1297 | 892416564
1298 | 875901232
1299 | 858927370
1300 | 545005622
1301 | 808793141
1302 | 825636144
1303 | 842074679
1304 | 2082486067
1305 | 942684192
1306 | 892746037
1307 | 822752819
1308 | 540554034
1309 | 959979644
1310 | 909194290
1311 | 170931504
1312 | 959656497
1313 | 941653024
1314 | 925905460
1315 | 859256372
1316 | 875704586
1317 | 545005616
1318 | 842543154
1319 | 926169140
1320 | 822752824
1321 | 540095538
1322 | 876093564
1323 | 859320882
1324 | 170931248
1325 | 842281521
1326 | 958430240
1327 | 959658288
1328 | 875968049
1329 | 875704586
1330 | 545005619
1331 | 926036536
1332 | 858993461
1333 | 842074677
1334 | 2082485300
1335 | 808727840
1336 | 808858162
1337 | 822753337
1338 | 540357682
1339 | 808984700
1340 | 825832760
1341 | 171194420
1342 | 909390385
1343 | 958430240
1344 | 876163636
1345 | 875706420
1346 | 875704586
1347 | 545005623
1348 | 859124280
1349 | 959722295
1350 | 842074676
1351 | 2082486324
1352 | 842283040
1353 | 825242929
1354 | 822752309
1355 | 540619826
1356 | 875896956
1357 | 892350517
1358 | 170930742
1359 | 808792625
1360 | 941653024
1361 | 808924471
1362 | 808990262
1363 | 892481802
1364 | 545005617
1365 | 909455928
1366 | 875967795
1367 | 842074672
1368 | 2082484789
1369 | 842283040
1370 | 909391664
1371 | 822753335
1372 | 540226866
1373 | 808591484
1374 | 942944824
1375 | 875902261
1376 | 892481802
1377 | 545005620
1378 | 926496057
1379 | 875772216
1380 | 842074676
1381 | 2082485557
1382 | 842283040
1383 | 842151217
1384 | 822752564
1385 | 540423474
1386 | 842539132
1387 | 842348338
1388 | 171062576
1389 | 926233137
1390 | 891321376
1391 | 842281012
1392 | 909129522
1393 | 892481802
1394 | 545005624
1395 | 892482616
1396 | 858863923
1397 | 842074674
1398 | 2082486581
1399 | 959789088
1400 | 892678705
1401 | 822752309
1402 | 540030514
1403 | 925966460
1404 | 909719856
1405 | 170996533
1406 | 825635377
1407 | 958430240
1408 | 858797618
1409 | 959591734
1410 | 909259018
1411 | 545005618
1412 | 858863928
1413 | 926101810
1414 | 842074678
1415 | 2082485046
1416 | 892483616
1417 | 942945078
1418 | 822753334
1419 | 540292658
1420 | 876159100
1421 | 959459379
1422 | 171521080
1423 | 892744241
1424 | 941653024
1425 | 892416564
1426 | 875901232
1427 | 909259018
1428 | 545005622
1429 | 808793141
1430 | 842413360
1431 | 842074676
1432 | 2082486070
1433 | 859060512
1434 | 909193520
1435 | 822751284
1436 | 540554802
1437 | 959979644
1438 | 825506098
1439 | 170997816
1440 | 959853105
1441 | 941653024
1442 | 925905460
1443 | 943142452
1444 | 926036234
1445 | 545005616
1446 | 842543154
1447 | 892745780
1448 | 822753335
1449 | 540096306
1450 | 876093564
1451 | 808531506
1452 | 170930743
1453 | 842478129
1454 | 941653024
1455 | 892547641
1456 | 892942129
1457 | 926036234
1458 | 545005619
1459 | 926036536
1460 | 925905717
1461 | 842074675
1462 | 2082485303
1463 | 808727840
1464 | 926495280
1465 | 822752820
1466 | 540358450
1467 | 842604668
1468 | 909523253
1469 | 170931764
1470 | 909586993
1471 | 958430240
1472 | 858797618
1473 | 859255350
1474 | 926036234
1475 | 545005623
1476 | 959461169
1477 | 808792371
1478 | 842074679
1479 | 2082486327
1480 | 892483616
1481 | 926430004
1482 | 822753590
1483 | 540620594
1484 | 876159100
1485 | 859125297
1486 | 171192880
1487 | 808989233
1488 | 958430240
1489 | 943143221
1490 | 875573561
1491 | 942813450
1492 | 545005617
1493 | 959787577
1494 | 942944311
1495 | 842074678
1496 | 2082484792
1497 | 943011872
1498 | 859255353
1499 | 822751287
1500 | 540227634
1501 | 875896956
1502 | 892350517
1503 | 171454774
1504 | 876098097
1505 | 958430240
1506 | 959527216
1507 | 926495284
1508 | 942813450
1509 | 545005621
1510 | 808596536
1511 | 859191601
1512 | 842074679
1513 | 2082485816
1514 | 842283040
1515 | 909391664
1516 | 822752823
1517 | 540489778
1518 | 808591484
1519 | 942944824
1520 | 859058229
1521 | 942813450
1522 | 545005624
1523 | 842150968
1524 | 875574072
1525 | 842074672
1526 | 2082486584
1527 | 909261088
1528 | 842018867
1529 | 822753328
1530 | 538999840
1531 | 960051251
1532 | 808728633
1533 | 859123978
1534 | 545005617
1535 | 808465977
1536 | 892481845
1537 | 892406321
1538 | 2082484787
1539 | 942684192
1540 | 909652535
1541 | 822752051
1542 | 540226357
1543 | 892870780
1544 | 858927417
1545 | 171456313
1546 | 875771185
1547 | 891321376
1548 | 808465716
1549 | 925972021
1550 | 859123978
1551 | 545005621
1552 | 876097592
1553 | 926496054
1554 | 892406327
1555 | 2082485811
1556 | 842610720
1557 | 942749748
1558 | 822752564
1559 | 540488501
1560 | 959979644
1561 | 909128754
1562 | 170996275
1563 | 942880049
1564 | 840989728
1565 | 875706416
1566 | 943141944
1567 | 892406327
1568 | 2082486579
1569 | 842283296
1570 | 825505846
1571 | 822751801
1572 | 540030005
1573 | 809050236
1574 | 842348089
1575 | 171258677
1576 | 825505073
1577 | 941653024
1578 | 892809778
1579 | 825569330
1580 | 875901194
1581 | 545005618
1582 | 842019893
1583 | 892548658
1584 | 892406327
1585 | 2082485044
1586 | 842610720
1587 | 925906744
1588 | 822751288
1589 | 540292149
1590 | 892870780
1591 | 926038328
1592 | 171389236
1593 | 892613937
1594 | 824212512
1595 | 892612919
1596 | 858862390
1597 | 875901194
1598 | 545005622
1599 | 926234424
1600 | 942747959
1601 | 892406325
1602 | 2082486068
1603 | 825833504
1604 | 858862131
1605 | 822752823
1606 | 540554293
1607 | 808984700
1608 | 892744760
1609 | 171323703
1610 | 959722801
1611 | 958430240
1612 | 926496050
1613 | 825372722
1614 | 892678410
1615 | 545005616
1616 | 825832760
1617 | 926495538
1618 | 892406328
1619 | 2082484533
1620 | 892613920
1621 | 909455408
1622 | 822751538
1623 | 540161333
1624 | 926425212
1625 | 926494774
1626 | 171063605
1627 | 859125041
1628 | 958430240
1629 | 959723058
1630 | 875900982
1631 | 892678410
1632 | 545005620
1633 | 875706680
1634 | 842217008
1635 | 892406327
1636 | 2082485557
1637 | 942682656
1638 | 892875826
1639 | 170996024
1640 | 909456689
1641 | 941653024
1642 | 825635380
1643 | 808597296
1644 | 892678410
1645 | 545005623
1646 | 926037049
1647 | 876034356
1648 | 892406328
1649 | 2082486325
1650 | 842151968
1651 | 892482871
1652 | 822752310
1653 | 540620085
1654 | 875896956
1655 | 943207472
1656 | 170995765
1657 | 808858929
1658 | 958430240
1659 | 926497077
1660 | 875836985
1661 | 909455626
1662 | 545005617
1663 | 8
1664 | 8
1665 | 8
1666 | 8
1667 | 8
1668 | 8
1669 | 8
1670 | 8
1671 | 8
1672 | 8
1673 | 8
1674 | 8
1675 | 8
1676 | 8
1677 | 8
1678 | 8
1679 | 8
1680 | 8
1681 | 8
1682 | 8
1683 | 8
1684 | 8
1685 | 8
1686 | 8
1687 | 8
1688 | 8
1689 | 8
1690 | 8
1691 | 8
1692 | 8
1693 | 8
1694 | 8
1695 | 8
1696 | 8
1697 | 8
1698 | 8
1699 | 8
1700 | 8
1701 | 8
1702 | 8
1703 | 8
1704 | 8
1705 | 8
1706 | 8
1707 | 8
1708 | 8
1709 | 8
1710 | 8
1711 | 8
1712 | 8
1713 | 8
1714 | 8
1715 | 8
1716 | 8
1717 | 8
1718 | 8
1719 | 8
1720 | 8
1721 | 8
1722 | 8
1723 | 8
1724 | 8
1725 | 8
1726 | 8
1727 | 8
1728 | 8
1729 | 8
1730 | 8
1731 | 8
1732 | 8
1733 | 8
1734 | 8
1735 | 8
1736 | 8
1737 | 8
1738 | 8
1739 | 8
1740 | 8
1741 | 8
1742 | 8
1743 | 8
1744 | 8
1745 | 8
1746 | 8
1747 | 8
1748 | 8
1749 | 8
1750 | 8
1751 | 8
1752 | 8
1753 | 8
1754 | 8
1755 | 8
1756 | 8
1757 | 8
1758 | 8
1759 | 8
1760 | 8
1761 | 8
1762 | 8
1763 | 8
1764 | 8
1765 | 8
1766 | 8
1767 | 8
1768 | 8
1769 | 8
1770 | 8
1771 | 8
1772 | 8
1773 | 8
1774 | 8
1775 | 8
1776 | 8
1777 | 8
1778 | 8
1779 | 8
1780 | 8
1781 | 8
1782 | 8
1783 | 8
1784 | 8
1785 | 8
1786 | 8
1787 | 8
1788 | 8
1789 | 8
1790 | 8
1791 | 8
1792 | 8
1793 | 8
1794 | 8
1795 | 8
1796 | 8
1797 | 8
1798 | 8
1799 | 8
1800 | 8
1801 | 8
1802 | 8
1803 | 8
1804 | 8
1805 | 8
1806 | 8
1807 | 8
1808 | 8
1809 | 8
1810 | 8
1811 | 8
1812 | 8
1813 | 8
1814 | 8
1815 | 8
1816 | 8
1817 | 8
1818 | 8
1819 | 8
1820 | 8
1821 | 8
1822 | 8
1823 | 8
1824 | 8
1825 | 8
1826 | 8
1827 | 8
1828 | 8
1829 | 8
1830 | 8
1831 | 8
1832 | 8
1833 | 8
1834 | 8
1835 | 8
1836 | 8
1837 | 8
1838 | 8
1839 | 8
1840 | 8
1841 | 8
1842 | 8
1843 | 8
1844 | 8
1845 | 8
1846 | 8
1847 | 8
1848 | 8
1849 | 8
1850 | 8
1851 | 8
1852 | 8
1853 | 8
1854 | 8
1855 | 8
1856 | 8
1857 | 8
1858 | 8
1859 | 8
1860 | 8
1861 | 8
1862 | 8
1863 | 8
1864 | 8
1865 | 8
1866 | 8
1867 | 8
1868 | 8
1869 | 8
1870 | 8
1871 | 8
1872 | 8
1873 | 8
1874 | 8
1875 | 8
1876 | 8
1877 | 8
1878 | 8
1879 | 8
1880 | 8
1881 | 8
1882 | 8
1883 | 8
1884 | 8
1885 | 8
1886 | 8
1887 | 8
1888 | 8
1889 | 8
1890 | 8
1891 | 8
1892 | 8
1893 | 8
1894 | 8
1895 | 8
1896 | 8
1897 | 8
1898 | 8
1899 | 8
1900 | 8
1901 | 8
1902 | 8
1903 | 8
1904 | 8
1905 | 8
1906 | 8
1907 | 8
1908 | 8
1909 | 8
1910 | 8
1911 | 8
1912 | 8
1913 | 8
1914 | 8
1915 | 8
1916 | 8
1917 | 8
1918 | 8
1919 | 8
1920 | 8
1921 | 8
1922 | 8
1923 | 8
1924 | 8
1925 | 8
1926 | 8
1927 | 8
1928 | 8
1929 | 8
1930 | 8
1931 | 8
1932 | 8
1933 | 8
1934 | 8
1935 | 8
1936 | 8
1937 | 8
1938 | 8
1939 | 8
1940 | 8
1941 | 8
1942 | 8
1943 | 8
1944 | 8
1945 | 8
1946 | 8
1947 | 8
1948 | 8
1949 | 8
1950 | 8
1951 | 8
1952 | 8
1953 | 8
1954 | 8
1955 | 8
1956 | 8
1957 | 8
1958 | 8
1959 | 8
1960 | 8
1961 | 8
1962 | 8
1963 | 8
1964 | 8
1965 | 8
1966 | 8
1967 | 8
1968 | 8
1969 | 8
1970 | 8
1971 | 8
1972 | 8
1973 | 8
1974 | 8
1975 | 8
1976 | 8
1977 | 8
1978 | 8
1979 | 8
1980 | 8
1981 | 8
1982 | 8
1983 | 8
1984 | 8
1985 | 8
1986 | 8
1987 | 8
1988 | 8
1989 | 8
1990 | 8
1991 | 8
1992 | 8
1993 | 8
1994 | 8
1995 | 8
1996 | 8
1997 | 8
1998 | 8
1999 | 8
2000 | 8
2001 | 8
2002 | 8
2003 | 8
2004 | 8
2005 | 8
2006 | 8
2007 | 8
2008 | 8
2009 | 8
2010 | 8
2011 | 8
2012 | 8
2013 | 8
2014 | 8
2015 | 8
2016 | 8
2017 | 8
2018 | 8
2019 | 8
2020 | 8
2021 | 8
2022 | 8
2023 | 8
2024 | 8
2025 | 8
2026 | 8
2027 | 8
2028 | 8
2029 | 8
2030 | 8
2031 | 8
2032 | 8
2033 | 8
2034 | 8
2035 | 8
2036 | 8
2037 | 8
2038 | 8
2039 | 8
2040 | 8
2041 | 8
2042 | 8
2043 | 8
2044 | 8
2045 | 8
2046 | 8
2047 | 0
